0.00072479248046875,0.000579833984375,0.00072479248046875,0.00072479248046875
0.00286865234375,0.0022949218750000001,0.00286865234375,0.00286865234375
0.0063858032226562509,0.0051086425781250002,0.0063858032226562509,0.0063858032226562509
0.01123046875,0.0089843749999999993,0.01123046875,0.01123046875
0.01735687255859375,0.013885498046874998,0.01735687255859375,0.01735687255859375
0.024719238281250003,0.019775390625,0.024719238281250003,0.024719238281250003
0.03327178955078125,0.026617431640624994,0.03327178955078125,0.03327178955078125
0.04296875,0.034374999999999996,0.04296875,0.04296875
0.053764343261718757,0.043011474609375003,0.053764343261718757,0.053764343261718757
0.06561279296875,0.052490234374999993,0.06561279296875,0.06561279296875
0.078468322753906236,0.062774658203124986,0.078468322753906236,0.078468322753906236
0.092285156250000014,0.073828125000000008,0.092285156250000014,0.092285156250000014
0.10701751708984375,0.085614013671874989,0.10701751708984375,0.10701751708984375
0.12261962890625,0.098095703124999989,0.12261962890625,0.12261962890625
0.13904571533203128,0.11123657226562503,0.13904571533203128,0.13904571533203128
0.15625,0.125,0.15625,0.15625
0.17418670654296875,0.13934936523437499,0.17418670654296875,0.17418670654296875
0.19281005859375003,0.15424804687499999,0.19281005859375003,0.19281005859375003
0.21207427978515625,0.16965942382812499,0.21207427978515625,0.21207427978515625
0.23193359375,0.18554687499999997,0.23193359375,0.23193359375
0.25234222412109375,0.20187377929687497,0.25234222412109375,0.25234222412109375
0.27325439453124994,0.21860351562499994,0.27325439453124994,0.27325439453124994
0.29462432861328131,0.23569946289062507,0.29462432861328131,0.29462432861328131
0.31640625000000006,0.25312499999999999,0.31640625000000006,0.31640625000000006
0.33855438232421881,0.270843505859375,0.33855438232421881,0.33855438232421881
0.36102294921875,0.288818359375,0.36102294921875,0.36102294921875
0.38376617431640625,0.30701293945312497,0.38376617431640625,0.38376617431640625
0.40673828125,0.32539062499999993,0.40673828125,0.40673828125
0.42989349365234381,0.34391479492187504,0.42989349365234381,0.42989349365234381
0.45318603515625011,0.36254882812500011,0.45318603515625011,0.45318603515625011
0.47657012939453136,0.381256103515625,0.47657012939453136,0.47657012939453136
0.49999999999999994,0.39999999999999997,0.49999999999999994,0.49999999999999994
0.52342987060546875,0.41874389648437499,0.52342987060546875,0.52342987060546875
0.54681396484375,0.43745117187499993,0.54681396484375,0.54681396484375
0.57010650634765625,0.45608520507812494,0.57010650634765625,0.57010650634765625
0.59326171875000011,0.47460937499999994,0.59326171875000011,0.59326171875000011
0.61623382568359375,0.49298706054687497,0.61623382568359375,0.61623382568359375
0.63897705078125,0.51118164062499993,0.63897705078125,0.63897705078125
0.66144561767578125,0.52915649414062504,0.66144561767578125,0.66144561767578125
0.68359375,0.54687499999999989,0.68359375,0.68359375
0.70537567138671864,0.564300537109375,0.70537567138671864,0.70537567138671864
0.72674560546875011,0.58139648437499991,0.72674560546875011,0.72674560546875011
0.74765777587890625,0.59812622070312504,0.74765777587890625,0.74765777587890625
0.76806640624999989,0.61445312499999982,0.76806640624999989,0.76806640624999989
0.78792572021484364,0.63034057617187478,0.78792572021484364,0.78792572021484364
0.80718994140625011,0.64575195312500022,0.80718994140625011,0.80718994140625011
0.82581329345703114,0.66065063476562491,0.82581329345703114,0.82581329345703114
0.84375000000000011,0.67499999999999993,0.84375000000000011,0.84375000000000011
0.86095428466796886,0.68876342773437493,0.86095428466796886,0.86095428466796886
0.87738037109375011,0.70190429687499989,0.87738037109375011,0.87738037109375011
0.89298248291015625,0.71438598632812489,0.89298248291015625,0.89298248291015625
0.90771484375,0.72617187499999991,0.90771484375,0.90771484375
0.92153167724609353,0.73722534179687516,0.92153167724609353,0.92153167724609353
0.93438720703125,0.74750976562499993,0.93438720703125,0.93438720703125
0.94623565673828125,0.756988525390625,0.94623565673828125,0.94623565673828125
0.95703125000000022,0.76562499999999978,0.95703125000000022,0.95703125000000022
0.96672821044921875,0.77338256835937491,0.96672821044921875,0.96672821044921875
0.97528076171875,0.78022460937499982,0.97528076171875,0.97528076171875
0.98264312744140625,0.78611450195312504,0.98264312744140625,0.98264312744140625
0.98876953125000022,0.79101562500000022,0.98876953125000022,0.98876953125000022
0.99361419677734397,0.794891357421875,0.99361419677734397,0.99361419677734397
0.99713134765625044,0.79770507812499991,0.99713134765625044,0.99713134765625044
0.99927520751953125,0.79942016601562482,0.99927520751953125,0.99927520751953125
0.99999999999999956,0.79999999999999982,0.99999999999999956,0.99999999999999956
