0.005370243352136761,0.0007671771931625493,0.0007671771931625493,-0.007677401401759543
0.005370243352136761,0.0007671771931625493,0.0023015325794872865,-0.0025591338005868103
0.005370243352136761,0.0007671771931625493,0.0007671771931625493,-0.0025591338005868103
0.005370243352136761,0.0007671771931625493,0.0007671771931625493,-0.0025591338005868103
0.005370243352136761,-0.0023015335794873693,0.0023015325794872865,0.017913936604105896
0.01150766489743571,0.005370243352136761,0.009973309511110973,0.028150471806451804
0.020713797215384577,0.017645086442735103,0.022248152601709315,0.043505274609970446
0.03145428491965818,0.025316863374359233,0.03298864030598292,0.058860077413489975
0.04372912801025608,0.03145428491965818,0.04372912801025608,0.0895696830205277
0.0575383264871796,0.046797838782906,0.05907268187350434,0.11516102102639314
0.07288188035042742,0.05907268187350434,0.07441623573675216,0.15098889423460404
0.09743156653162366,0.07748494650940163,0.09896592191794884,-2.617993878
0.13425609580341868,0.10817205423589771,0.13579045118974342,0.24823597865689173
0.15266836043931642,0.12351560809914552,0.15266836043931642,0.2789455842639299
0.17261498046153845,0.14039351734871808,0.17414933584786318,0.30965518987096763
0.19256160048376092,0.15727142659829063,0.1971646666427347,0.3506013306803517
0.21557693127863242,0.17568369123418837,0.2186456420512819,0.38642920388856306
0.23859226207350437,0.1940959558700852,0.24166097284615384,0.42737534469794713
0.2631419482547006,0.21404257589230768,0.2662106590273505,0.4683214855073312
0.2876916344358973,0.2339891959145297,0.2907603452085472,0.5041493587155426
0.3137756760034187,0.2539358159367522,0.31531003138974345,0.5553320347272725
0.3383253621846154,0.2754167913452994,0.34292842834359005,0.5962781755366571
0.3644094037521368,0.2984321221401709,0.36901246991111103,0.6474608515483871
0.392027800705983,0.3199130975487181,0.3981652222512819,0.7037617951612902
0.41964619765982913,0.34446278372991435,0.4257836192051285,0.7549444711730207
0.44726459461367485,0.3674781145247863,0.45340201615897424,0.8061271471847506
0.4764173469538462,0.3889590899333335,0.4810204131128204,0.8573098231964811
0.5055700992940171,0.4150431315008545,0.511707520839316,0.9084924992082111
0.5331884962478632,0.44112717306837634,0.5423946285658121,0.9647934428211142
0.5638756039743589,0.4672112146358973,0.5684786701333331,1.0006213160293256
0.5960970670871792,0.491760900817094,0.5991657778598287,1.0006213160293256
0.6221811086547011,0.5147762316119655,0.6298528855863248,1.0006213160293256
0.6544025717675215,0.5377915624068375,0.6590056379264957,1.0006213160293256
0.6820209687213672,0.5623412485880341,0.6881583902666666,1.0006213160293256
0.7127080764478628,0.5853565793829061,0.7157767872205127,1.0006213160293256
0.7418608287880342,0.6099062655641028,0.7464638949470084,1.0006213160293256
0.7710135811282051,0.6329215963589743,0.7771510026735045,1.0006213160293256
0.800166333468376,0.657471282540171,0.8078381104000001,1.0006213160293256
0.8277847304222226,0.6804866133350425,0.8354565073538462,1.0006213160293256
0.8584718381487182,0.7035019441299144,0.863074904307692,1.0006213160293256
0.8845558797162401,0.7280516303111111,0.8906933012615381,1.0006213160293256
0.9106399212837601,0.751066961105983,0.9183116982153852,1.0006213160293256
0.936723962851282,0.7756166472871797,0.9443957397829061,1.0006213160293256
0.9658767151914533,0.800166333468376,0.9704797813504271,1.0006213160293256
0.9873576905999997,0.8170442427179485,0.9934951121452995,1.0006213160293256
0.988892045986324,0.8185785981042732,1.0011668890769228,1.0006213160293256
0.988892045986324,0.8185785981042732,1.0088386660085469,1.0057395836304983
0.988892045986324,0.8185785981042732,1.0119073767811964,1.0006213160293256
0.988892045986324,0.8185785981042732,1.0119073767811964,1.0006213160293256
0.988892045986324,0.8185785981042732,1.0119073767811964,1.0006213160293256
0.988892045986324,0.8185785981042732,1.0119073767811964,1.0006213160293256
0.988892045986324,0.8185785981042732,1.0119073767811964,1.0006213160293256
0.99042640137265,0.8185785981042732,1.0119073767811964,1.0006213160293256
0.988892045986324,0.8201129534905984,1.0119073767811964,1.0006213160293256
0.988892045986324,0.8185785981042732,1.0119073767811964,1.0006213160293256
0.988892045986324,0.8185785981042732,1.0119073767811964,1.0006213160293256
0.988892045986324,0.8185785981042732,1.0119073767811964,1.0006213160293256
0.988892045986324,0.8201129534905984,1.0119073767811964,1.0006213160293256
0.99042640137265,0.8185785981042732,1.0119073767811964,1.0006213160293256
0.988892045986324,0.8185785981042732,1.0119073767811964,1.0006213160293256
0.988892045986324,0.8185785981042732,1.0119073767811964,1.0006213160293256
0.988892045986324,0.8185785981042732,1.0119073767811964,0.9903847808269797
0.988892045986324,0.8185785981042732,1.0119073767811964,1.0006213160293256
