0.00843895412478668,-0.0038358889658121065,0.0007671771931625493,-0.0025591338005868103
0.00843895412478668,-0.0023015335794873693,0.0023015325794872865,0.01279566900293272
0.048332194169230736,0.028385574147008263,0.04372912801025608,0.09468795062170088
0.1557370712119659,0.12658431887179455,0.15880578198461537,0.28406385186510263
0.24319532823247858,0.2002333774153846,0.2477983943914528,0.4069022742932553
0.34139407295726487,0.2784855021179484,0.3459971391162391,0.5450954995249266
0.44879895000000003,0.37208118068376095,0.45647072693162416,0.7242348655659825
0.5654099593606836,0.4702799254085468,0.5730817362923077,0.8982559640058652
0.6835553241076924,0.5654099593606836,0.6927614564256412,1.0262126540351906
0.8063037550136753,0.6620743486991452,0.8124411765589743,1.0006213160293256
0.9213804089880338,0.757204382651282,0.9259834751470084,0.9852665132258065
0.9950294675316238,0.8201129534905984,0.9996325336905985,0.9852665132258065
0.9950294675316238,0.8216473088769232,1.0073043106222226,0.9852665132258065
0.9950294675316238,0.8216473088769232,1.0119073767811964,0.9852665132258065
0.9950294675316238,0.8216473088769232,1.0119073767811964,0.9852665132258065
