0.011230468749999998,0.0089843749999999993,0.011230468749999998,0.011230468749999998
0.042968749999999993,0.034374999999999996,0.042968749999999993,0.042968749999999993
0.09228515625,0.073828125000000008,0.09228515625,0.09228515625
0.15624999999999997,0.125,0.15624999999999997,0.15624999999999997
0.23193359374999994,0.18554687499999997,0.23193359374999994,0.23193359374999994
0.31640625,0.25312499999999999,0.31640625,0.31640625
0.40673828124999983,0.32539062499999993,0.40673828124999983,0.40673828124999983
0.49999999999999989,0.39999999999999997,0.49999999999999989,0.49999999999999989
0.59326171874999989,0.47460937499999994,0.59326171874999989,0.59326171874999989
0.68359374999999989,0.54687499999999989,0.68359374999999989,0.68359374999999989
0.76806640624999978,0.61445312499999982,0.76806640624999978,0.76806640624999978
0.84375,0.67499999999999993,0.84375,0.84375
0.90771484374999978,0.72617187499999991,0.90771484374999978,0.90771484374999978
0.95703124999999956,0.76562499999999978,0.95703124999999956,0.95703124999999956
0.98876953124999978,0.79101562500000022,0.98876953124999978,0.98876953124999978
0.99999999999999978,0.79999999999999982,0.99999999999999978,0.99999999999999978
