0.0038358879658120237,0.0023015325794872865,0.0007671771931625493,-0.0025591338005868103
0.0038358879658120237,0.0023015325794872865,0.0007671771931625493,-0.0025591338005868103
0.0038358879658120237,0.0007671771931625493,0.0007671771931625493,-0.0025591338005868103
0.0038358879658120237,0.0023015325794872865,0.0007671771931625493,-0.0025591338005868103
0.0038358879658120237,-0.0023015335794873693,0.0023015325794872865,0.017913936604105896
0.01150766489743571,0.005370243352136761,0.009973309511110973,0.028150471806451804
0.020713797215384577,0.017645086442735103,0.020713797215384577,0.043505274609970446
0.03298864030598292,0.025316863374359233,0.03298864030598292,0.06397834501466271
0.04372912801025608,0.03145428491965818,0.04372912801025608,0.08445141541935453
0.0575383264871796,0.04526348339658082,0.0575383264871796,0.10492448582404723
0.07288188035042742,0.05907268187350434,0.07441623573675216,0.13051582382991178
0.08822543421367524,0.06981316957777794,0.08975978959999997,0.16634369703812313
0.10510334346324779,0.08515672344102576,0.10663769884957297,0.19193503504398857
0.12351560809914552,0.10203463269059831,0.12658431887179455,0.22776290825219947
0.1449965835076923,0.11737818655384613,0.14653093889401703,0.2635907814604104
0.16647755891623905,0.13425609580341868,0.16647755891623905,0.29430038706744854
0.18642417893846153,0.15420271582564116,0.189492889711111,0.33524652787683307
0.21097386511965777,0.17261498046153845,0.21404257589230768,0.37619266868621715
0.2339891959145297,0.19102724509743618,0.23705790668717963,0.41202054189442805
0.25853888209572684,0.21097386511965777,0.2631419482547006,0.4632032179061585
0.2830885682769231,0.23245484052820498,0.28615727904957255,0.49903109111436983
0.3107069652307688,0.25240146055042745,0.3137756760034187,0.5502137671260998
0.3352566514119659,0.27388243595897466,0.34139407295726487,0.5911599079354839
0.36287504836581164,0.29689776675384616,0.3674781145247863,0.6423425839472139
0.39049344531965824,0.3183787421623929,0.3981652222512819,0.6935252599589443
0.4181118422735044,0.34139407295726487,0.4257836192051285,0.7498262035718479
0.44726459461367485,0.3674781145247863,0.45340201615897424,0.8010088795835779
0.47488299156752145,0.3889590899333335,0.48255476849914514,0.8521915555953079
0.5055700992940171,0.4165774868871792,0.511707520839316,0.8982559640058652
0.534722851634188,0.4426615284547011,0.5423946285658121,0.9647934428211142
0.5638756039743589,0.4672112146358973,0.5700130255196583,1.0006213160293256
0.597631422473504,0.4932952562034192,0.6007001332461539,1.0006213160293256
0.6221811086547011,0.5163105869982907,0.6298528855863248,1.0006213160293256
0.6544025717675215,0.5393259177931626,0.6590056379264957,1.0006213160293256
0.6835553241076924,0.5623412485880341,0.6896927456529913,1.0006213160293256
0.714242431834188,0.5868909347692308,0.7173111426068375,1.0006213160293256
0.7433951841743593,0.6129749763367518,0.7479982503333331,1.0006213160293256
0.7710135811282051,0.634455951745299,0.7771510026735045,1.0006213160293256
0.800166333468376,0.657471282540171,0.8078381104000001,1.0006213160293256
0.8293190858085469,0.6804866133350425,0.8354565073538462,1.0006213160293256
0.8569374827623935,0.7035019441299144,0.863074904307692,1.0006213160293256
0.8845558797162401,0.7265172749247863,0.8891589458752138,1.0006213160293256
0.9091055658974359,0.7495326057196579,0.9152429874427357,1.0006213160293256
0.9336552520786325,0.7725479365145298,0.9413270290102558,1.0006213160293256
0.9628080044188039,0.7986319780820512,0.9674110705777776,1.0006213160293256
0.9842889798273502,0.8170442427179485,0.9919607567589743,1.0006213160293256
0.988892045986324,0.8185785981042732,1.0011668890769228,1.0006213160293256
0.99042640137265,0.8185785981042732,1.0073043106222226,1.0006213160293256
0.99042640137265,0.8185785981042732,1.0119073767811964,1.0006213160293256
0.988892045986324,0.8185785981042732,1.0119073767811964,1.0006213160293256
0.988892045986324,0.8185785981042732,1.0119073767811964,1.0006213160293256
0.988892045986324,0.8185785981042732,1.0119073767811964,1.0006213160293256
0.988892045986324,0.8185785981042732,1.0119073767811964,1.0006213160293256
0.988892045986324,0.8185785981042732,1.0119073767811964,1.0006213160293256
0.988892045986324,0.8185785981042732,1.0119073767811964,1.0006213160293256
0.988892045986324,0.8185785981042732,1.0119073767811964,1.0006213160293256
0.988892045986324,0.8185785981042732,1.0119073767811964,1.0006213160293256
0.988892045986324,0.8185785981042732,1.010373021394872,1.0006213160293256
0.988892045986324,0.8185785981042732,1.0119073767811964,1.0006213160293256
0.988892045986324,0.8185785981042732,1.0119073767811964,1.0006213160293256
0.988892045986324,0.8185785981042732,1.0119073767811964,1.0006213160293256
0.988892045986324,0.8185785981042732,1.0119073767811964,1.0006213160293256
0.988892045986324,0.8185785981042732,1.0119073767811964,1.0006213160293256
0.988892045986324,0.8185785981042732,1.0119073767811964,1.0006213160293256
