0.0023015325794872865,0.0007671771931625493,0.0007671771931625493,0.002559133800586366
0.00843895412478668,0.0007671771931625493,0.005370243352136761,0.01279566900293272
0.04986654955555547,0.025316863374359233,0.04372912801025608,0.09468795062170088
0.11277512039487148,0.08975978959999997,0.11277512039487148,0.21240810544868038
0.24319532823247858,0.2002333774153846,0.2477983943914528,0.4324936122991203
0.33985971757094013,0.2769511467316237,0.34446278372991435,0.606514710739003
0.45033330538632477,0.37054682529743577,0.45647072693162416,0.8010088795835779
0.5638756039743589,0.46874557002222206,0.5700130255196583,1.0006213160293256
0.6835553241076924,0.5638756039743589,0.6912271010393165,1.0210943864340178
0.8047693996273506,0.6620743486991452,0.8124411765589743,0.9852665132258065
0.9198460536017095,0.7556700272649572,0.9244491197606832,0.9852665132258065
0.9934951121452995,0.8201129534905984,0.9980981783042733,0.9852665132258065
0.9950294675316238,0.8216473088769232,1.0073043106222226,0.9852665132258065
0.9950294675316238,0.8216473088769232,1.0119073767811964,0.9852665132258065
0.9950294675316238,0.8216473088769232,1.0119073767811964,0.9852665132258065
0.9950294675316238,0.8216473088769232,1.0119073767811964,0.9852665132258065
